994
994
994
994
994
994
358
1048
977
1039
1020
1031
1199
1161
1106
1148
1106
1167
1226
1295
1331
1239
1190
1179
1167
1486
1368
1200
1089
1209
1293
1127
1309
1267
1155
1253
1224
1208
1133
1079
1111
1242
1388
1212
1130
1282
1164
1148
1220
1213
1322
1198
1226
1282
1307
1259
1228
1214
1246
1212
1250
1141
1265
1331
1163
1174
1152
1094
1521
1384
1213
1103
1123
1262
1171
1280
1201
1228
1196
1098
1142
1161
1063
1339
1355
1277
1280
1196
1210
1104
996
1533
1379
1342
1231
1198
1156
1079
1553
1327
1156
1145
1552
1373
1309
1309
1261
1102
1237
1288
1157
1165
1385
1295
1153
1219
1164
1096
1212
1528
1296
1286
1238
1177
1179
1237
1193
1294
1271
1431
1276
1164
1133
1122
1084
1502
1341
1137
1106
1180
1099
1360
1215
1203
1193
1219
1277
1200
1132
1135
1463
1294
1169
1079
1051
1552
1346
1228
1199
1128
1370
1403
1273
1293
1271
1092
1135
1435
1270
1322
1288
1230
1271
1424
1237
1215
1268
1212
1177
1399
1283
1221
1420
1257
1156
1511
1385
1220
1256
1328
1293
1282
1087
1147
1122
1083
1223
1105
1124
1121
1037
1089
1160
1065
1122
1171
1103
1319
1300
1291
1227
1150
1199
1138
1113
1386
1258
1144
1238
1183
1166
1197
1041
1082
1221
1126
1168
